117
117
117
117
117
117
103
103
103
103
103
103
103
103
103
103
103
103
103
103
109
109
109
109
103
103
103
103
103
103
103
103
103
103
103
103
103
103
103
81
103
103
58
103
103
103
103
103
103
103
53
103
103
103
103
103
103
67
103
55
103
103
103
103
103
103
103
103
103
569
451
350
243
134
262
155
103
543
436
337
230
124
279
178
103
508
399
292
177
78
433
326
210
96
228
104
401
285
169
103
297
183
103
142
103
402
290
171
103
211
91
259
148
285
165
103
217
97
293
171
103
170
75
560
438
324
204
103
325
202
86
213
91
197
103
575
462
341
213
92
495
365
233
102
382
259
135
497
367
244
114
469
339
208
86
538
418
288
158
398
276
142
192
103
554
419
290
153
103
395
267
130
589
462
325
197
85
551
414
285
147
193
72
463
327
191
103
578
438
301
172
316
169
146
146
146
146
146
146
146
146
146
146
146
146
146
